operations: 971 
787 701 802 547 875 542 40 195 561 806 107 30 961 672 944 835 939 728 162 852 219 99 871 158 736 797 433 11 353 718 725 549 411 683 537 566 704 426 202 266 274 845 690 96 655 832 454 439 344 993 254 746 161 582 877 896 502 612 391 855 716 356 524 744 844 918 418 688 586 166 727 244 762 916 347 698 428 747 256 842 714 654 829 170 831 733 577 699 554 930 742 390 311 207 959 729 675 571 272 541 

operations: 997 
742 147 704 733 995 194 777 537 99 540 722 347 485 280 818 444 520 963 70 567 876 305 682 853 980 757 724 164 348 913 745 471 714 388 924 683 614 55 826 847 881 198 15 223 878 552 59 427 290 277 159 598 296 17 312 184 837 883 211 747 455 632 625 377 830 354 112 563 794 103 285 315 960 481 102 297 999 812 615 637 445 936 666 686 594 921 790 706 793 785 862 709 138 854 640 487 276 728 509 244 

operations: 958 
83 880 475 355 423 686 326 115 162 933 556 185 403 868 987 78 744 530 184 21 648 125 652 852 560 425 950 787 238 540 227 647 783 19 398 491 369 319 223 714 391 813 684 911 504 393 747 657 182 991 371 127 503 678 94 406 758 887 102 618 589 968 236 572 903 741 325 627 380 268 176 904 461 219 778 402 430 596 616 154 49 278 898 756 20 377 558 526 728 842 936 264 510 502 411 204 361 448 338 209 

operations: 952 
580 806 771 381 866 31 26 234 565 465 890 406 357 957 917 307 546 937 128 108 851 998 752 396 938 386 219 523 533 891 182 88 93 911 650 76 211 78 877 172 120 181 690 965 818 825 624 757 415 910 735 708 889 506 201 633 812 576 821 475 232 287 590 543 242 412 481 786 835 973 341 950 121 992 585 416 638 871 591 958 39 573 293 551 408 976 282 778 407 747 221 238 264 966 878 870 333 170 864 763 

operations: 923 
2 532 886 234 533 266 53 465 363 656 407 880 38 503 731 553 316 561 204 83 376 889 574 462 274 181 795 187 567 37 858 305 257 97 843 519 28 372 397 509 233 100 505 107 866 642 867 243 14 357 448 93 596 560 11 318 152 485 924 387 259 846 78 223 454 293 421 671 324 26 489 969 586 826 677 634 170 440 371 800 615 558 309 27 51 176 804 183 896 378 657 624 272 55 394 529 232 242 922 523 

operations: 991 
438 776 634 266 794 14 184 232 817 513 368 263 517 537 583 345 549 86 591 424 109 44 465 861 709 809 158 881 73 832 148 826 141 488 449 913 943 720 590 711 324 774 453 565 267 356 319 771 684 175 77 423 315 307 274 323 30 190 391 975 134 336 611 653 898 347 833 264 245 986 352 115 692 217 744 451 360 764 389 803 940 162 935 754 129 395 167 594 518 112 656 295 599 269 165 433 409 447 246 511 

operations: 951 
605 841 537 670 327 601 638 336 196 885 177 802 102 793 956 518 733 966 523 519 136 405 457 396 587 998 839 704 554 679 794 723 269 684 532 655 126 983 246 250 480 161 856 411 320 378 282 649 280 557 950 273 462 67 435 145 423 76 722 767 876 825 448 878 47 924 592 564 313 849 201 916 244 883 653 566 338 140 964 528 612 934 173 118 469 671 852 661 59 474 43 845 121 452 992 792 948 212 369 813 

operations: 854 
277 895 781 37 398 237 858 914 415 890 227 742 453 429 228 582 924 871 727 91 250 939 458 759 688 370 581 562 545 252 628 416 848 942 632 731 196 935 126 663 627 440 313 167 606 224 614 427 744 751 853 123 729 93 933 846 621 266 804 549 460 262 644 601 952 483 255 310 174 367 652 561 702 987 120 419 658 719 125 179 496 737 377 332 448 634 788 902 595 505 116 110 620 147 904 892 346 238 698 675 

operations: 981 
292 430 643 377 881 66 707 398 207 637 104 937 55 479 448 182 736 319 489 58 929 562 530 471 382 380 258 264 167 442 301 32 644 16 53 714 821 150 926 313 257 931 354 327 500 449 372 278 491 635 816 618 15 780 580 274 188 696 215 145 545 987 954 83 232 325 527 510 447 227 250 691 84 379 859 218 872 706 772 549 611 383 414 406 883 752 969 312 193 857 350 850 503 461 468 101 107 625 504 375 

operations: 907 
509 617 309 243 530 947 362 286 340 717 558 337 631 636 383 135 768 543 758 610 27 391 848 78 113 140 745 789 833 51 793 403 644 479 570 571 441 672 267 322 580 120 334 301 357 957 905 266 318 662 839 512 739 894 948 693 726 689 338 635 393 263 857 915 871 587 755 838 522 330 257 417 97 645 52 392 508 320 323 411 613 684 638 450 458 608 246 669 456 659 203 195 874 99 24 820 564 923 922 781 

